I N P U T  1:

4
0 16 45 32 
16 0 18 21 
45 18 0 7 
32 21 7 0 
0 48 12 18 
52 0 42 32 
18 46 0 56 
24 36 52 0 
(200,500)
(300,100)
(450,150)
(520,480)
(325,200)


I N P U T  2:

6
0 2 3 8 9 5
2 0 3 7 1 4
1 2 0 4 6 5
2 2 3 0 2 1
1 2 3 4 0 6
5 3 1 3 1 0
0 10 10 0 0 0
0 0 2 4 8 0
0 0 0 0 9 0
0 0 0 0 0 10
0 0 0 6 0 10
0 0 0 0 0 0
(100,400)
(190,300)
(450,200)
(500,420)
(690,420)
(720,360)
(700,400)


I N P U T  3:

6
0 34 90 21 98 21
42 0 69 32 21 1
1 23 0 45 21 98
32 46 32 0 98 21
99 34 78 21 0 98
90 98 78 23 45 0
0 5 8 0 0 0
0 0 2 5 0 0
0 0 0 0 3 0
0 0 10 0 9 6
0 0 0 0 0 0
0 0 0 0 0 0
(234,576)
(123,456)
(322,483)
(228,383)
(389,392)
(201,374)
(392,893)