Caso 1:

M:4 N:5
1 0 1 1 1
1 1 1 0 1
1 0 1 1 1
1 1 1 0 1

Backtracking:
1 0 0 0 0
1 0 0 0 0
1 0 1 1 1
1 1 1 0 1

Ramificacion y Poda:
1 0 0 0 0
1 1 1 0 0
0 0 1 1 1
0 0 0 0 1

-------------------------------

Caso 2:

M:6 N:6
1 1 1 1 0 1
1 1 0 1 1 1
1 0 0 1 0 1
1 1 0 1 0 1
0 1 0 1 1 1
1 1 1 1 0 1

Backtracking:
1 0 0 0 0 0
1 0 0 0 0 0
1 0 0 0 0 0
1 1 0 0 0 0
0 1 0 1 1 1
0 1 1 1 0 1

Ramificacion y Poda:
1 1 1 1 0 0
0 0 0 1 0 0
0 0 0 1 0 0
0 0 0 1 0 0
0 0 0 1 1 1
0 0 0 0 0 1

-------------------------------

Caso 3:

M:4 N:4
1 0 0 1
1 1 1 0
0 1 1 1
1 0 0 1


Backtracking:
1 0 0 0
1 1 0 0
0 1 1 1
0 0 0 1

Ramificacion y Poda:
1 0 0 0
1 1 0 0
0 1 1 1
0 0 0 1

-------------------------------

Caso 4:

M:7 N:9
1 1 0 1 1 1 1 1 0
0 1 1 1 0 0 0 1 1
1 1 0 1 1 1 1 1 0
1 0 0 0 1 1 0 1 1
1 1 0 1 1 0 0 0 1
0 1 0 1 0 1 0 0 1
1 1 1 1 0 1 1 0 1


Backtracking:
1 1 0 0 0 0 0 0 0
0 1 0 0 0 0 0 0 0
1 1 0 0 0 1 1 1 0
1 0 0 0 1 1 0 1 1
1 1 0 1 1 0 0 0 1
0 1 0 1 0 0 0 0 1
0 1 1 1 0 0 0 0 1


Ramificacion y Poda:
1 1 0 0 0 0 0 0 0
0 1 1 1 0 0 0 0 0
0 0 0 1 1 1 1 1 0
0 0 0 0 0 0 0 1 1
0 0 0 0 0 0 0 0 1
0 0 0 0 0 0 0 0 1
0 0 0 0 0 0 0 0 1